   10.3210
   12.6370
   14.2030
   15.2110
   15.5160
   14.8570
   13.5100
   11.4560
    9.0700
    7.4610
    6.7320
    8.2980
   10.6580
   12.4910
   14.2730
   15.3420
   15.3490
   14.2990
   12.9710
   11.5830
    9.2740
    6.5990
    5.8270
    8.1620
   10.3420
   12.6080
   14.3910
   15.1930
   15.4850
   14.5120
   13.0160
   11.6040
    9.2150
    6.9360
    6.1160
    7.8480
   10.1250
   12.5880
   14.0260
   14.9140
   14.9930
   13.9870
   12.5580
   11.4470
    9.4310
    6.8550
    5.9840
    7.9250
   10.3430
   12.5540
   13.6610
   14.3730
   14.6870
   14.0900
   12.9110
   11.1620
    8.6490
    6.3010
    5.5040
    7.3520
   10.2160
   12.2280
   13.4660
   14.3250
   14.4210
   13.9060
   12.5170
   10.9200
    8.4600
    6.4960
    5.8620
    7.5410
    9.6590
   11.9550
   13.7030
   14.5130
   14.5420
   13.8450
   12.7800
   11.2200
    7.9430
    5.3420
    4.2670
    6.0400
    9.7600
   12.0340
   13.8870
   14.9530
   15.1790
   14.3520
   12.9740
   11.2080
    8.6780
    5.9130
    4.6870
    7.3500
   10.3430
   12.3590
   13.9140
   14.8120
   14.9840
   14.4960
   13.1870
   11.3200
    8.4650
    6.1360
    5.2620
    6.9200
    9.7720
   12.2000
   13.7390
   14.5810
   15.1370
   14.6590
   12.8660
   10.5850
    8.0750
    5.8750
    4.8650
    6.9840
    9.6140
   11.8310
   13.4640
   14.3630
   14.5460
   14.1080
   12.6810
   10.7490
    7.7240
    5.5030
    4.5610
    6.4650
    9.7720
   12.1540
   13.7290
   14.5530
   15.1960
   14.6260
   13.0120
   10.6740
    7.6720
    4.7230
    3.5660
    5.8860
    9.3880
   12.0060
   13.7030
   14.7230
   15.0320
   14.2990
   12.9970
   11.3600
    8.1320
    6.0140
    5.2080
    7.4550
    9.9390
   12.1840
   13.6480
   14.4180
   14.7580
   14.0880
   12.7010
   11.0330
    8.1080
    6.0780
    5.2200
    7.2320
   10.1150
   12.3530
   13.6020
   14.4010
   14.3700
   13.8930
   12.4680
   10.8790
    8.3780
    5.5990
    4.6160
    6.9660
    9.8460
   12.0450
   13.4570
   14.2030
   14.4000
   13.6810
   11.9240
   10.4130
    7.9380
    5.3710
    4.5280
    6.0820
    8.6580
   11.4590
   13.1900
   14.1200
   14.2900
   13.7530
   12.6310
   10.7560
    7.9390
    5.4810
    4.8220
    6.7670
    9.4930
   11.7430
   13.0570
   13.9460
   14.2980
   13.7090
   12.2090
   10.7090
    8.2240
    5.6080
    4.7140
    6.0640
    9.82
    10.86
    13.56
    14.40
    14.55
    13.45
    12.16
    10.53
    7.59
    5.03
    4.32
    5.66
    