   11.3830
   13.5930
   14.9100
   15.6040
   15.6320
   15.0100
   13.8020
   12.4300
   10.2710
    7.8440
    7.1380
    8.8560
   10.9290
   13.3410
   15.1770
   15.9740
   16.0440
   15.4660
   13.9730
   12.4760
   10.3670
    8.1390
    7.3020
    9.4210
   11.6270
   13.6420
   14.9420
   16.0060
   16.0850
   15.1720
   13.4910
   12.2960
   10.5700
    8.1860
    7.3950
    9.3340
   11.4610
   13.2990
   14.4730
   15.2990
   15.5840
   15.0150
   13.5770
   12.1520
    9.9770
    7.7710
    6.8050
    8.5610
   10.8420
   12.9890
   14.7250
   15.4660
   15.8860
   15.3570
   14.0730
   12.2190
    9.7440
    7.4020
    6.6980
    8.5460
   11.0250
   13.0500
   14.8900
   15.7850
   15.9100
   15.0590
   13.3790
   11.9760
   10.1460
    7.9790
    7.4110
    9.4840
   11.4530
   13.2220
   14.9700
   16.0500
   15.8160
   15.2110
   13.7430
   12.4860
   10.3330
    7.6280
    7.2790
    9.0490
   11.2240
   13.4000
   14.9000
   15.5830
   15.9570
   15.1230
   13.5610
   11.9430
    9.8090
    7.8920
    7.3690
    9.1350
   11.3310
   13.6260
   14.9550
   15.4950
   15.4230
   14.3280
   13.0440
   12.2450
   10.1300
    7.8820
    7.0080
    8.8290
   11.1150
   13.3870
   14.7830
   15.5780
   15.8670
   14.6500
   13.2260
   11.6410
    9.2470
    6.7970
    6.1430
    8.4850
   11.0750
   13.1060
   14.3640
   15.2490
   15.4160
   14.8600
   13.4730
   12.1080
    9.5140
    7.4150
    6.4730
    8.5410
   10.8850
   12.9450
   14.6430
   15.4620
   15.4810
   14.6770
   13.2160
   12.1470
   10.3230
    7.9250
    7.4740
    9.3190
   11.3790
   13.4070
   14.8960
   15.6860
   15.8130
   15.0770
   13.3680
   11.8710
    9.4760
    7.3350
    6.3970
    8.7860
   11.3190
   13.3190
   14.7300
   15.5620
   15.5540
   14.8880
   13.6240
   12.0160
    9.9250
    7.6390
    7.1380
    8.9150
   11.1230
   13.2720
   14.5860
   15.2260
   15.2600
   14.4490
   12.9720
   11.4400
    8.9870
    6.7440
    6.0800
    7.8290
   10.7610
   12.9210
   14.1810
   15.1550
   15.1230
   14.2160
   13.0940
   12.0840
   10.1640
    8.1800
    7.5830
    9.1610
   10.4020
   12.8610
   14.4170
   15.4370
   15.4670
   14.5630
   13.1770
   11.7380
    9.4110
    7.2850
    6.6860
    8.3370
   10.6840
   13.0760
   14.7210
   15.7460
   15.5980
   14.8920
   13.5900
   11.7060
    9.4150
    7.5090
    6.5360
    8.4520
   10.44
   12.76
   14.36
   15.31
   15.40
   15.08
   13.75
   11.78
    9.49
    7.23
    6.12
    8.60
